11100000110100111100111101100110010111111010110101110000000100101110010111101011101111101001100001001110101100111110010001001010
00010011101101010001100011011010101000000000100001111101110110001110011001000111111110010111101011010100001111110110100011000111
11101110110011110001000000010101011111111010100000010011100011001111001110111000001100101000111010001111101111111111010100001110
01010010100001001011011001011001010000010001011110001101010100011100011100101100111101110010110110111100000000010101101101110001
10110111110001011110001100111011110010110000100100100001110010010100001101100011101001111111101111010101001001101011110010011110
11111001011111011000100101101110110001101110011010011011001000011010111001001111110011100111010101101001000001111010111000011100
10110010100000000111111110011110111001001110110010000000001101100101111111001000100000110001011101000011001010100111101110111011
00110001010100011010110000010101010000001010110100100111101111000010011010110101111100110000111001010110110001000001110011101001
00001101001000000001111101100001001011100111011010000001100110100010010010111000111010000010101101110101011111100001100100001000
10010101000000100101101110111110000001101100110110010111100101011010111111011011001001101010000101011110001100100011100010100110
00110101001100011110101111000111000000111111110011010101010100110010011100001010110000011001100101101111100001011001001000010110
00111010100001110101110101101101110001100111110101001001001101010000101000111110011110101100011010010100011101001100110101111001
10001100111001010101100001101010100111010110010001111011011100101111000001110001011001011101110110100111011000110100101000000011
11000111001011110111111110001100100111111010000111111100001110111010001000110011111000110111110101111000100111111100100110100011
10000100001000110000010001101111111100101000011010000001101110100110000011111100110100001111100011110000010010100011100010101000
10001100111000010010111011111100111111110011010110001001101011010001111100011100111010000001001100110010111110110010101010111001
00011000111001100111110111000100111100010101110111000011111001001011101101011001001100111010100000100101110100010010101011001111
01000110101001110000011101000111100011100011011100101100001000100100001000100100000111010000011010101011111101011111100101110100
10110110011111101000000111110100111110111010111010000011010001100110101110010110111100111001000110000110010101110010010001100110
00111101010010011100011111100110000110110011111111111010111001100100010000000011111101111001010100101100110001111011011110110011
10101001111011111110101111000100001100000101111100101111111000011100100101111101111111001111101000001101010010101011000000101000
10101100011101101111010011100101111001001011110110101100001100001000110110011110010110111111000000100111110000100010100000111001
01101100100110110111010100000111011010111001011010100011010100110011010111000010111100001010011000101100100111110100111111010110
10101111010110011011100010010111010010011100110000011001110111110100110100100001000110011000110000011010100010110001000110001111
00110111010010101101101101010111010100111110110001100000011111101101000011001101100010000001011111001010001111000101111110110010
11001101111001110010010111010101101001110101101100000100100100110110010111010101101010010001000110101001000111100000001111000100
00110001001111000000111100010011110001001110011111100011111010000000000010010001111101000010000011100010000110110010110010000011
11110001010001001011011011100100100011011000000100001111111111111010010100111010001111110101111010000011110001010011100001101011
01100011101111110011001000011011010010111111011011011101000001100010111111011100110101110111000001000010111011111100101011110110
01010011100011101000000010100101100100100010110101000111111001101011111111000001111101111011111101111100011100010110000010101011
11001110010101000001111100110110110011001001010011000000111001001000001100111111000000111011111001100011110111100110110000010000
00110110110100110010101010010010101000010001011000001011111100110011110001010011111001011011001100111000010101101010011001010011
11111100100111010101101011101110100110001010000101110010011111000111111000100101100011111110011110110110101101100110000010001100
01010000010111000110010101011011101011111001101110000011100100110000101101101101111100010011010101001011101100001100100111111010
10110011001101000011010111111111110101111010111000101000011000101101110100001100110010000101000000110101101011010101100100110110
01110111111011100010001111100010011000000001110101111111111100111001101111010010001011100000000001000001101110001010001001111000
01010010001000111111111110100110111110100110111010010011011101001011110110111011000110000011010010010010100000001100100001011010
00111100001001110000000101010010101001100101101011011101000110111011100001011111001000101111011110100100101100001111100001111001
10111001111111101110100111100001101100000011010001111110001100111100111011011011000101011100111000000000101011001010000100110101
11110111001111000111010010001000100111110111000111101010111100011011001110111010100010010111101110011011100100111000110100010100
10111111011101100100010111010011100100111010110000000110010010010101010000001011011110100010110101010010000101101010101101101110
00110010000111001011101100010110111100001000101100110011111000011111100101100000110110000011001000010010101000000011001001001000
11010011100010001111100001110111000111110000001010011100000010011110111000010001111101111111101011011010111111001011110110001111
01011000111000111011001100011110111111001000001101010011100000001101110000100011000000111101100110100011001100001100001011000011
11010101111111111111001000111010000001101110000010000111101001111011010101100011010001110000100110101000110000111010000100110111
11111001101101111000101100011111000101101001010001101011100000010001001000111000100001110000110001100111010000101110101110111100
10010010100100000000100000000011000110111111110001110011110001111101001001000111011100101100000101111110001110001111000111111011
00010101100000100111011001110100001100010001101011110111101111010000000101101010011001100100001100101111001101100001011001000011
10110000010111011011000110000110011111001001011010011101101110011010011111100110001001101010110111111001010001010111101010111100
01001000100101010001000111101010111010010100010010100110101111110000010011011011000110110001101011010101110000001110110100100110